tensor([[2.5395],
        [2.5715],
        [2.5174]])
tensor([[4.1121],
        [4.2355],
        [4.1893]])
tensor([[5.0658],
        [5.3160],
        [5.3162]])
tensor([[5.6241],
        [6.0210],
        [6.0912]])
tensor([[5.9305],
        [6.4843],
        [6.6384]])
tensor([[6.0770],
        [6.7918],
        [7.0375]])
tensor([[6.1228],
        [6.9987],
        [7.3398]])
tensor([[6.1057],
        [7.1405],
        [7.5784]])
tensor([[6.0499],
        [7.2400],
        [7.7746]])
tensor([[5.9710],
        [7.3118],
        [7.9420]])
tensor([[5.8789],
        [7.3655],
        [8.0894]])
tensor([[5.7799],
        [7.4070],
        [8.2228]])
tensor([[5.6779],
        [7.4404],
        [8.3457]])
tensor([[5.5755],
        [7.4681],
        [8.4606]])
tensor([[5.4743],
        [7.4919],
        [8.5692]])
tensor([[5.3751],
        [7.5127],
        [8.6726]])
