tensor([[0.4605],
        [4.4285],
        [9.4826]])
tensor([[1.1121],
        [2.7645],
        [7.8107]])
tensor([[2.0658],
        [1.6840],
        [6.6838]])
tensor([[2.6241],
        [0.9790],
        [5.9088]])
tensor([[2.9305],
        [0.5157],
        [5.3616]])
tensor([[3.0770],
        [0.2082],
        [4.9625]])
tensor([[3.1228e+00],
        [1.3032e-03],
        [4.6602e+00]])
tensor([[3.1057],
        [0.1405],
        [4.4216]])
tensor([[3.0499],
        [0.2400],
        [4.2254]])
tensor([[2.9710],
        [0.3118],
        [4.0580]])
tensor([[2.8789],
        [0.3655],
        [3.9106]])
tensor([[2.7799],
        [0.4070],
        [3.7772]])
tensor([[2.6779],
        [0.4404],
        [3.6543]])
tensor([[2.5755],
        [0.4681],
        [3.5394]])
tensor([[2.4743],
        [0.4919],
        [3.4308]])
tensor([[2.3751],
        [0.5127],
        [3.3274]])
